Warning on use of the timeseries module: If the inherent timescales of the system are long compared to those being analyzed, this statistical inefficiency may be an underestimate.  The estimate presumes the use of many statistically independent samples.  Tests should be performed to assess whether this condition is satisfied.   Be cautious in the interpretation of the data.

****** PyMBAR will use 64-bit JAX! *******
* JAX is currently set to 32-bit bitsize *
* which is its default.                  *
*                                        *
* PyMBAR requires 64-bit mode and WILL   *
* enable JAX's 64-bit mode when called.  *
*                                        *
* This MAY cause problems with other     *
* Uses of JAX in the same code.          *
******************************************

2025-02-04 19:29:43.039 | DEBUG    | alchemlyb.preprocessing.subsampling:statistical_inefficiency:520 - Running statistical inefficiency analysis.
2025-02-04 19:29:43.517 | DEBUG    | alchemlyb.preprocessing.subsampling:statistical_inefficiency:522 - Statistical inefficiency: 95.06.
2025-02-04 19:29:43.518 | DEBUG    | alchemlyb.preprocessing.subsampling:statistical_inefficiency:528 - Number of uncorrelated samples: 10412.
2025-02-04 19:29:44.398 | DEBUG    | alchemlyb.preprocessing.subsampling:statistical_inefficiency:520 - Running statistical inefficiency analysis.
2025-02-04 19:29:44.406 | DEBUG    | alchemlyb.preprocessing.subsampling:statistical_inefficiency:522 - Statistical inefficiency: 1.00.
2025-02-04 19:29:44.407 | DEBUG    | alchemlyb.preprocessing.subsampling:statistical_inefficiency:528 - Number of uncorrelated samples: 999501.
/projects/liwh2139/software/anaconda/envs/openff-toolkit/lib/python3.9/site-packages/alchemlyb/estimators/mbar_.py:106: FutureWarning: When grouping with a length-1 list-like, you will need to pass a length-1 tuple to get_group in a future version of pandas. Pass `(name,)` instead of `name` to silence this warning.
  (len(groups.get_group(i)) if i in groups.groups else 0)

******* JAX 64-bit mode is now on! *******
*     JAX is now set to 64-bit mode!     *
*   This MAY cause problems with other   *
*      uses of JAX in the same code.     *
******************************************

/projects/liwh2139/software/anaconda/envs/openff-toolkit/lib/python3.9/site-packages/alchemlyb/estimators/bar_.py:97: FutureWarning: When grouping with a length-1 list-like, you will need to pass a length-1 tuple to get_group in a future version of pandas. Pass `(name,)` instead of `name` to silence this warning.
  (len(groups.get_group(i)) if i in groups.groups else 0)
/projects/liwh2139/software/anaconda/envs/openff-toolkit/lib/python3.9/site-packages/alchemlyb/estimators/bar_.py:106: FutureWarning: When grouping with a length-1 list-like, you will need to pass a length-1 tuple to get_group in a future version of pandas. Pass `(name,)` instead of `name` to silence this warning.
  uk = groups.get_group(self._states_[k])
/projects/liwh2139/software/anaconda/envs/openff-toolkit/lib/python3.9/site-packages/alchemlyb/estimators/bar_.py:111: FutureWarning: When grouping with a length-1 list-like, you will need to pass a length-1 tuple to get_group in a future version of pandas. Pass `(name,)` instead of `name` to silence this warning.
  uk1 = groups.get_group(self._states_[k + 1])

FE differences in units of Kb_T between each lambda window (TI):
             0.00000000  0.09000000  0.18000000  0.30000000  0.42000000  0.49500000  0.57000000  0.62500000  0.68000000  0.72000000  0.76000000  0.81000000  0.86000000  0.93000000  1.00000000
0.00000000   0.00000000  2.18634557  4.31217722  6.93190051  9.25213317 10.49837553 11.43933264 11.79735267 11.68236338 11.15303846 10.13015695  8.25303292  6.17523787  4.05140809  3.33955177
0.09000000  -2.18634557  0.00000000  2.12583165  4.74555494  7.06578760  8.31202996  9.25298707  9.61100710  9.49601781  8.96669289  7.94381138  6.06668735  3.98889230  1.86506252  1.15320620
0.18000000  -4.31217722 -2.12583165  0.00000000  2.61972330  4.93995596  6.18619831  7.12715543  7.48517546  7.37018616  6.84086124  5.81797973  3.94085571  1.86306066 -0.26076913 -0.97262545
0.30000000  -6.93190051 -4.74555494 -2.61972330  0.00000000  2.32023266  3.56647502  4.50743213  4.86545216  4.75046287  4.22113795  3.19825644  1.32113241 -0.75666264 -2.88049242 -3.59234874
0.42000000  -9.25213317 -7.06578760 -4.93995596 -2.32023266  0.00000000  1.24624236  2.18719947  2.54521950  2.43023020  1.90090529  0.87802377 -0.99910025 -3.07689530 -5.20072509 -5.91258140
0.49500000 -10.49837553 -8.31202996 -6.18619831 -3.56647502 -1.24624236  0.00000000  0.94095711  1.29897714  1.18398785  0.65466293 -0.36821858 -2.24534261 -4.32313766 -6.44696744 -7.15882376
0.57000000 -11.43933264 -9.25298707 -7.12715543 -4.50743213 -2.18719947 -0.94095711  0.00000000  0.35802003  0.24303074 -0.28629418 -1.30917569 -3.18629972 -5.26409477 -7.38792455 -8.09978087
0.62500000 -11.79735267 -9.61100710 -7.48517546 -4.86545216 -2.54521950 -1.29897714 -0.35802003  0.00000000 -0.11498930 -0.64431421 -1.66719573 -3.54431975 -5.62211480 -7.74594459 -8.45780090
0.68000000 -11.68236338 -9.49601781 -7.37018616 -4.75046287 -2.43023020 -1.18398785 -0.24303074  0.11498930  0.00000000 -0.52932492 -1.55220643 -3.42933046 -5.50712551 -7.63095529 -8.34281161
0.72000000 -11.15303846 -8.96669289 -6.84086124 -4.22113795 -1.90090529 -0.65466293  0.28629418  0.64431421  0.52932492  0.00000000 -1.02288151 -2.90000554 -4.97780059 -7.10163037 -7.81348669
0.76000000 -10.13015695 -7.94381138 -5.81797973 -3.19825644 -0.87802377  0.36821858  1.30917569  1.66719573  1.55220643  1.02288151  0.00000000 -1.87712403 -3.95491908 -6.07874886 -6.79060518
0.81000000  -8.25303292 -6.06668735 -3.94085571 -1.32113241  0.99910025  2.24534261  3.18629972  3.54431975  3.42933046  2.90000554  1.87712403  0.00000000 -2.07779505 -4.20162483 -4.91348115
0.86000000  -6.17523787 -3.98889230 -1.86306066  0.75666264  3.07689530  4.32313766  5.26409477  5.62211480  5.50712551  4.97780059  3.95491908  2.07779505  0.00000000 -2.12382978 -2.83568610
0.93000000  -4.05140809 -1.86506252  0.26076913  2.88049242  5.20072509  6.44696744  7.38792455  7.74594459  7.63095529  7.10163037  6.07874886  4.20162483  2.12382978  0.00000000 -0.71185632
1.00000000  -3.33955177 -1.15320620  0.97262545  3.59234874  5.91258140  7.15882376  8.09978087  8.45780090  8.34281161  7.81348669  6.79060518  4.91348115  2.83568610  0.71185632  0.00000000

Endpoint differences (TI): 3.3395517701231823

TI error matrix:
            0.00000000  0.09000000  0.18000000  0.30000000  0.42000000  0.49500000  0.57000000  0.62500000  0.68000000  0.72000000  0.76000000  0.81000000  0.86000000  0.93000000  1.00000000
0.00000000  0.00000000  0.01997704  0.03423063  0.05093072  0.06980694  0.07998861  0.08961524  0.09709793  0.10561238  0.11230541  0.11897669  0.12783527  0.13460867  0.13887557  0.14027493
0.09000000  0.01997704  0.00000000  0.01979669  0.04259238  0.06397797  0.07495566  0.08515318  0.09299559  0.10185356  0.10877811  0.11565304  0.12474786  0.13168017  0.13603896  0.13746719
0.18000000  0.03423063  0.01979669  0.00000000  0.02974511  0.05624804  0.06847636  0.07950928  0.08785693  0.09718440  0.10441906  0.11156292  0.12096565  0.12810281  0.13257925  0.13404435
0.30000000  0.05093072  0.04259238  0.02974511  0.00000000  0.03501572  0.05245255  0.06621165  0.07603354  0.08664333  0.09468684  0.10251119  0.11267186  0.12030207  0.12505805  0.12661022
0.42000000  0.06980694  0.06397797  0.05624804  0.03501572  0.00000000  0.02550785  0.04778455  0.06066695  0.07352855  0.08285516  0.09169473  0.10292875  0.11122935  0.11635677  0.11802342
0.49500000  0.07998861  0.07495566  0.06847636  0.05245255  0.02550785  0.00000000  0.02963083  0.04769803  0.06325401  0.07388911  0.08368122  0.09585901  0.10472149  0.11015226  0.11191135
0.57000000  0.08961524  0.08515318  0.07950928  0.06621165  0.04778455  0.02963083  0.00000000  0.02574624  0.04887573  0.06202715  0.07341876  0.08704434  0.09671792  0.10257332  0.10446012
0.62500000  0.09709793  0.09299559  0.08785693  0.07603354  0.06066695  0.04769803  0.02574624  0.00000000  0.03063784  0.04896129  0.06277065  0.07827233  0.08890555  0.09524247  0.09727157
0.68000000  0.10561238  0.10185356  0.09718440  0.08664333  0.07352855  0.06325401  0.04887573  0.03063784  0.00000000  0.02580226  0.04699684  0.06629560  0.07856682  0.08567191  0.08792216
0.72000000  0.11230541  0.10877811  0.10441906  0.09468684  0.08285516  0.07388911  0.06202715  0.04896129  0.02580226  0.00000000  0.02807127  0.05453806  0.06893504  0.07693484  0.07943299
0.76000000  0.11897669  0.11565304  0.11156292  0.10251119  0.09169473  0.08368122  0.07341876  0.06277065  0.04699684  0.02807127  0.00000000  0.03406024  0.05420092  0.06406769  0.06704699
0.81000000  0.12783527  0.12474786  0.12096565  0.11267186  0.10292875  0.09585901  0.08704434  0.07827233  0.06629560  0.05453806  0.03406024  0.00000000  0.02720882  0.04367207  0.04793620
0.86000000  0.13460867  0.13168017  0.12810281  0.12030207  0.11122935  0.10472149  0.09671792  0.08890555  0.07856682  0.06893504  0.05420092  0.02720882  0.00000000  0.02337268  0.03060902
0.93000000  0.13887557  0.13603896  0.13257925  0.12505805  0.11635677  0.11015226  0.10257332  0.09524247  0.08567191  0.07693484  0.06406769  0.04367207  0.02337268  0.00000000  0.01292177
1.00000000  0.14027493  0.13746719  0.13404435  0.12661022  0.11802342  0.11191135  0.10446012  0.09727157  0.08792216  0.07943299  0.06704699  0.04793620  0.03060902  0.01292177  0.00000000

TI error endpoint difference: 0.1402749260776805

FE differences in units of Kb_T between each lambda window (MBAR):
             0.00000000  0.09000000  0.18000000  0.30000000  0.42000000  0.49500000  0.57000000  0.62500000  0.68000000  0.72000000  0.76000000  0.81000000  0.86000000  0.93000000  1.00000000
0.00000000   0.00000000  2.18839968  4.29840794  6.94537091  9.30657718 10.54959865 11.49511169 11.88411264 11.83905357 11.37856314 10.39852828  8.42013518  6.24726460  4.11988279  3.43021985
0.09000000  -2.18839968  0.00000000  2.11000827  4.75697123  7.11817750  8.36119897  9.30671201  9.69571296  9.65065389  9.19016346  8.21012861  6.23173551  4.05886492  1.93148311  1.24182017
0.18000000  -4.29840794 -2.11000827  0.00000000  2.64696296  5.00816924  6.25119071  7.19670374  7.58570469  7.54064563  7.08015519  6.10012034  4.12172724  1.94885666 -0.17852516 -0.86818809
0.30000000  -6.94537091 -4.75697123 -2.64696296  0.00000000  2.36120628  3.60422774  4.54974078  4.93874173  4.89368266  4.43319223  3.45315738  1.47476428 -0.69810631 -2.82548812 -3.51515106
0.42000000  -9.30657718 -7.11817750 -5.00816924 -2.36120628  0.00000000  1.24302147  2.18853450  2.57753545  2.53247639  2.07198595  1.09195110 -0.88644200 -3.05931258 -5.18669440 -5.87635733
0.49500000 -10.54959865 -8.36119897 -6.25119071 -3.60422774 -1.24302147  0.00000000  0.94551304  1.33451399  1.28945492  0.82896449 -0.15107036 -2.12946346 -4.30233405 -6.42971586 -7.11937880
0.57000000 -11.49511169 -9.30671201 -7.19670374 -4.54974078 -2.18853450 -0.94551304  0.00000000  0.38900095  0.34394189 -0.11654855 -1.09658340 -3.07497650 -5.24784708 -7.37522890 -8.06489184
0.62500000 -11.88411264 -9.69571296 -7.58570469 -4.93874173 -2.57753545 -1.33451399 -0.38900095  0.00000000 -0.04505907 -0.50554950 -1.48558435 -3.46397745 -5.63684804 -7.76422985 -8.45389279
0.68000000 -11.83905357 -9.65065389 -7.54064563 -4.89368266 -2.53247639 -1.28945492 -0.34394189  0.04505907  0.00000000 -0.46049044 -1.44052529 -3.41891839 -5.59178897 -7.71917078 -8.40883372
0.72000000 -11.37856314 -9.19016346 -7.08015519 -4.43319223 -2.07198595 -0.82896449  0.11654855  0.50554950  0.46049044  0.00000000 -0.98003485 -2.95842795 -5.13129853 -7.25868035 -7.94834328
0.76000000 -10.39852828 -8.21012861 -6.10012034 -3.45315738 -1.09195110  0.15107036  1.09658340  1.48558435  1.44052529  0.98003485  0.00000000 -1.97839310 -4.15126368 -6.27864550 -6.96830843
0.81000000  -8.42013518 -6.23173551 -4.12172724 -1.47476428  0.88644200  2.12946346  3.07497650  3.46397745  3.41891839  2.95842795  1.97839310  0.00000000 -2.17287058 -4.30025240 -4.98991533
0.86000000  -6.24726460 -4.05886492 -1.94885666  0.69810631  3.05931258  4.30233405  5.24784708  5.63684804  5.59178897  5.13129853  4.15126368  2.17287058  0.00000000 -2.12738181 -2.81704475
0.93000000  -4.11988279 -1.93148311  0.17852516  2.82548812  5.18669440  6.42971586  7.37522890  7.76422985  7.71917078  7.25868035  6.27864550  4.30025240  2.12738181  0.00000000 -0.68966294
1.00000000  -3.43021985 -1.24182017  0.86818809  3.51515106  5.87635733  7.11937880  8.06489184  8.45389279  8.40883372  7.94834328  6.96830843  4.98991533  2.81704475  0.68966294  0.00000000

Endpoint differences (MBAR): 3.430219850925493

MBAR error matrix:
            0.00000000  0.09000000  0.18000000  0.30000000  0.42000000  0.49500000  0.57000000  0.62500000  0.68000000  0.72000000  0.76000000  0.81000000  0.86000000  0.93000000  1.00000000
0.00000000  0.00000000  0.00160474  0.00304839  0.00485609  0.00653837  0.00749207  0.00842055  0.00913464  0.00992824  0.01058007  0.01133818  0.01238224  0.01307385  0.01350503  0.01371907
0.09000000  0.00160474  0.00000000  0.00165338  0.00385198  0.00581138  0.00686765  0.00787034  0.00863008  0.00946607  0.01014763  0.01093575  0.01201484  0.01272643  0.01316899  0.01338840
0.18000000  0.00304839  0.00165338  0.00000000  0.00252069  0.00486372  0.00608120  0.00719521  0.00801928  0.00891274  0.00963352  0.01046045  0.01158390  0.01232040  0.01277704  0.01300306
0.30000000  0.00485609  0.00385198  0.00252069  0.00000000  0.00289486  0.00449961  0.00590767  0.00688912  0.00791152  0.00871548  0.00962163  0.01083242  0.01161667  0.01209989  0.01233833
0.42000000  0.00653837  0.00581138  0.00486372  0.00289486  0.00000000  0.00205324  0.00402490  0.00534040  0.00660896  0.00755325  0.00858296  0.00992132  0.01077211  0.01129153  0.01154667
0.49500000  0.00749207  0.00686765  0.00608120  0.00449961  0.00205324  0.00000000  0.00232170  0.00398893  0.00555273  0.00665066  0.00780075  0.00925290  0.01015981  0.01070898  0.01097767
0.57000000  0.00842055  0.00787034  0.00719521  0.00590767  0.00402490  0.00232170  0.00000000  0.00201212  0.00405944  0.00544753  0.00680659  0.00843189  0.00941815  0.01000809  0.01029509
0.62500000  0.00913464  0.00863008  0.00801928  0.00688912  0.00534040  0.00398893  0.00201212  0.00000000  0.00240113  0.00414923  0.00580620  0.00765021  0.00872514  0.00935884  0.00966514
0.68000000  0.00992824  0.00946607  0.00891274  0.00791152  0.00660896  0.00555273  0.00405944  0.00240113  0.00000000  0.00212262  0.00430203  0.00657529  0.00780258  0.00850511  0.00884097
0.72000000  0.01058007  0.01014763  0.00963352  0.00871548  0.00755325  0.00665066  0.00544753  0.00414923  0.00212262  0.00000000  0.00256366  0.00537563  0.00682462  0.00762031  0.00799340
0.76000000  0.01133818  0.01093575  0.01046045  0.00962163  0.00858296  0.00780075  0.00680659  0.00580620  0.00430203  0.00256366  0.00000000  0.00334629  0.00519136  0.00619763  0.00665394
0.81000000  0.01238224  0.01201484  0.01158390  0.01083242  0.00992132  0.00925290  0.00843189  0.00765021  0.00657529  0.00537563  0.00334629  0.00000000  0.00228573  0.00373486  0.00442184
0.86000000  0.01307385  0.01272643  0.01232040  0.01161667  0.01077211  0.01015981  0.00941815  0.00872514  0.00780258  0.00682462  0.00519136  0.00228573  0.00000000  0.00172195  0.00265041
0.93000000  0.01350503  0.01316899  0.01277704  0.01209989  0.01129153  0.01070898  0.01000809  0.00935884  0.00850511  0.00762031  0.00619763  0.00373486  0.00172195  0.00000000  0.00107335
1.00000000  0.01371907  0.01338840  0.01300306  0.01233833  0.01154667  0.01097767  0.01029509  0.00966514  0.00884097  0.00799340  0.00665394  0.00442184  0.00265041  0.00107335  0.00000000

MBAR error endpoint difference: 0.013719068993315065

FE differences in units of Kb_T between each lambda window (BAR):
             0.00000000  0.09000000  0.18000000  0.30000000  0.42000000  0.49500000  0.57000000  0.62500000  0.68000000  0.72000000  0.76000000  0.81000000  0.86000000  0.93000000  1.00000000
0.00000000   0.00000000  2.18428609  4.29479179  6.94126534  9.30036249 10.54462957 11.49317868 11.88144028 11.83469977 11.37357973 10.39373018  8.41581133  6.24361420  4.11589447  3.42644714
0.09000000  -2.18428609  0.00000000  2.11050571  4.75697925  7.11607640  8.36034348  9.30889260  9.69715419  9.65041369  9.18929364  8.20944409  6.23152524  4.05932812  1.93160839  1.24216105
0.18000000  -4.29479179 -2.11050571  0.00000000  2.64647354  5.00557069  6.24983778  7.19838689  7.58664848  7.53990798  7.07878794  6.09893839  4.12101954  1.94882241 -0.17889732 -0.86834465
0.30000000  -6.94126534 -4.75697925 -2.64647354  0.00000000  2.35909715  3.60336423  4.55191334  4.94017494  4.89343444  4.43231439  3.45246484  1.47454599 -0.69765113 -2.82537086 -3.51481820
0.42000000  -9.30036249 -7.11607640 -5.00557069 -2.35909715  0.00000000  1.24426709  2.19281620  2.58107779  2.53433729  2.07321725  1.09336769 -0.88455115 -3.05674828 -5.18446801 -5.87391534
0.49500000 -10.54462957 -8.36034348 -6.24983778 -3.60336423 -1.24426709  0.00000000  0.94854911  1.33681070  1.29007020  0.82895016 -0.15089939 -2.12881824 -4.30101537 -6.42873510 -7.11818243
0.57000000 -11.49317868 -9.30889260 -7.19838689 -4.55191334 -2.19281620 -0.94854911  0.00000000  0.38826159  0.34152109 -0.11959895 -1.09944850 -3.07736735 -5.24956448 -7.37728421 -8.06673154
0.62500000 -11.88144028 -9.69715419 -7.58664848 -4.94017494 -2.58107779 -1.33681070 -0.38826159  0.00000000 -0.04674050 -0.50786054 -1.48771009 -3.46562894 -5.63782607 -7.76554580 -8.45499313
0.68000000 -11.83469977 -9.65041369 -7.53990798 -4.89343444 -2.53433729 -1.29007020 -0.34152109  0.04674050  0.00000000 -0.46112004 -1.44096959 -3.41888844 -5.59108557 -7.71880530 -8.40825263
0.72000000 -11.37357973 -9.18929364 -7.07878794 -4.43231439 -2.07321725 -0.82895016  0.11959895  0.50786054  0.46112004  0.00000000 -0.97984955 -2.95776840 -5.12996553 -7.25768526 -7.94713259
0.76000000 -10.39373018 -8.20944409 -6.09893839 -3.45246484 -1.09336769  0.15089939  1.09944850  1.48771009  1.44096959  0.97984955  0.00000000 -1.97791885 -4.15011598 -6.27783571 -6.96728304
0.81000000  -8.41581133 -6.23152524 -4.12101954 -1.47454599  0.88455115  2.12881824  3.07736735  3.46562894  3.41888844  2.95776840  1.97791885  0.00000000 -2.17219713 -4.29991686 -4.98936419
0.86000000  -6.24361420 -4.05932812 -1.94882241  0.69765113  3.05674828  4.30101537  5.24956448  5.63782607  5.59108557  5.12996553  4.15011598  2.17219713  0.00000000 -2.12771973 -2.81716706
0.93000000  -4.11589447 -1.93160839  0.17889732  2.82537086  5.18446801  6.42873510  7.37728421  7.76554580  7.71880530  7.25768526  6.27783571  4.29991686  2.12771973  0.00000000 -0.68944733
1.00000000  -3.42644714 -1.24216105  0.86834465  3.51481820  5.87391534  7.11818243  8.06673154  8.45499313  8.40825263  7.94713259  6.96728304  4.98936419  2.81716706  0.68944733  0.00000000

Endpoint differences (BAR): 3.426447141351737

BAR error matrix:
            0.00000000  0.09000000  0.18000000  0.30000000  0.42000000  0.49500000  0.57000000  0.62500000  0.68000000  0.72000000  0.76000000  0.81000000  0.86000000  0.93000000  1.00000000
0.00000000  0.00000000  0.00202688         NaN         NaN         NaN         NaN         NaN         NaN         NaN         NaN         NaN         NaN         NaN         NaN         NaN
0.09000000  0.00202688  0.00000000  0.00212510         NaN         NaN         NaN         NaN         NaN         NaN         NaN         NaN         NaN         NaN         NaN         NaN
0.18000000         NaN  0.00212510  0.00000000  0.00309644         NaN         NaN         NaN         NaN         NaN         NaN         NaN         NaN         NaN         NaN         NaN
0.30000000         NaN         NaN  0.00309644  0.00000000  0.00357285         NaN         NaN         NaN         NaN         NaN         NaN         NaN         NaN         NaN         NaN
0.42000000         NaN         NaN         NaN  0.00357285  0.00000000  0.00257543         NaN         NaN         NaN         NaN         NaN         NaN         NaN         NaN         NaN
0.49500000         NaN         NaN         NaN         NaN  0.00257543  0.00000000  0.00296275         NaN         NaN         NaN         NaN         NaN         NaN         NaN         NaN
0.57000000         NaN         NaN         NaN         NaN         NaN  0.00296275  0.00000000  0.00251241         NaN         NaN         NaN         NaN         NaN         NaN         NaN
0.62500000         NaN         NaN         NaN         NaN         NaN         NaN  0.00251241  0.00000000  0.00296814         NaN         NaN         NaN         NaN         NaN         NaN
0.68000000         NaN         NaN         NaN         NaN         NaN         NaN         NaN  0.00296814  0.00000000  0.00254380         NaN         NaN         NaN         NaN         NaN
0.72000000         NaN         NaN         NaN         NaN         NaN         NaN         NaN         NaN  0.00254380  0.00000000  0.00294499         NaN         NaN         NaN         NaN
0.76000000         NaN         NaN         NaN         NaN         NaN         NaN         NaN         NaN         NaN  0.00294499  0.00000000  0.00384206         NaN         NaN         NaN
0.81000000         NaN         NaN         NaN         NaN         NaN         NaN         NaN         NaN         NaN         NaN  0.00384206  0.00000000  0.00278086         NaN         NaN
0.86000000         NaN         NaN         NaN         NaN         NaN         NaN         NaN         NaN         NaN         NaN         NaN  0.00278086  0.00000000  0.00218343         NaN
0.93000000         NaN         NaN         NaN         NaN         NaN         NaN         NaN         NaN         NaN         NaN         NaN         NaN  0.00218343  0.00000000  0.00125259
1.00000000         NaN         NaN         NaN         NaN         NaN         NaN         NaN         NaN         NaN         NaN         NaN         NaN         NaN  0.00125259  0.00000000

BAR error endpoint difference: nan

--- Starting BAR Error Propagation ---

Full BAR error matrix:
            0.00000000  0.09000000  0.18000000  0.30000000  0.42000000  0.49500000  0.57000000  0.62500000  0.68000000  0.72000000  0.76000000  0.81000000  0.86000000  0.93000000  1.00000000
0.00000000  0.00000000  0.00202688         NaN         NaN         NaN         NaN         NaN         NaN         NaN         NaN         NaN         NaN         NaN         NaN         NaN
0.09000000  0.00202688  0.00000000  0.00212510         NaN         NaN         NaN         NaN         NaN         NaN         NaN         NaN         NaN         NaN         NaN         NaN
0.18000000         NaN  0.00212510  0.00000000  0.00309644         NaN         NaN         NaN         NaN         NaN         NaN         NaN         NaN         NaN         NaN         NaN
0.30000000         NaN         NaN  0.00309644  0.00000000  0.00357285         NaN         NaN         NaN         NaN         NaN         NaN         NaN         NaN         NaN         NaN
0.42000000         NaN         NaN         NaN  0.00357285  0.00000000  0.00257543         NaN         NaN         NaN         NaN         NaN         NaN         NaN         NaN         NaN
0.49500000         NaN         NaN         NaN         NaN  0.00257543  0.00000000  0.00296275         NaN         NaN         NaN         NaN         NaN         NaN         NaN         NaN
0.57000000         NaN         NaN         NaN         NaN         NaN  0.00296275  0.00000000  0.00251241         NaN         NaN         NaN         NaN         NaN         NaN         NaN
0.62500000         NaN         NaN         NaN         NaN         NaN         NaN  0.00251241  0.00000000  0.00296814         NaN         NaN         NaN         NaN         NaN         NaN
0.68000000         NaN         NaN         NaN         NaN         NaN         NaN         NaN  0.00296814  0.00000000  0.00254380         NaN         NaN         NaN         NaN         NaN
0.72000000         NaN         NaN         NaN         NaN         NaN         NaN         NaN         NaN  0.00254380  0.00000000  0.00294499         NaN         NaN         NaN         NaN
0.76000000         NaN         NaN         NaN         NaN         NaN         NaN         NaN         NaN         NaN  0.00294499  0.00000000  0.00384206         NaN         NaN         NaN
0.81000000         NaN         NaN         NaN         NaN         NaN         NaN         NaN         NaN         NaN         NaN  0.00384206  0.00000000  0.00278086         NaN         NaN
0.86000000         NaN         NaN         NaN         NaN         NaN         NaN         NaN         NaN         NaN         NaN         NaN  0.00278086  0.00000000  0.00218343         NaN
0.93000000         NaN         NaN         NaN         NaN         NaN         NaN         NaN         NaN         NaN         NaN         NaN         NaN  0.00218343  0.00000000  0.00125259
1.00000000         NaN         NaN         NaN         NaN         NaN         NaN         NaN         NaN         NaN         NaN         NaN         NaN         NaN  0.00125259  0.00000000

Extracted tridiagonal errors (before summation): [0.00202688 0.0021251  0.00309644 0.00357285 0.00257543 0.00296275
 0.00251241 0.00296814 0.0025438  0.00294499 0.00384206 0.00278086
 0.00218343 0.00125259]

Computed total propagated BAR error: 0.010270588753088864

Final Total Propagated BAR Error: 0.01027

--- Analysis Completed Successfully ---
