Warning on use of the timeseries module: If the inherent timescales of the system are long compared to those being analyzed, this statistical inefficiency may be an underestimate.  The estimate presumes the use of many statistically independent samples.  Tests should be performed to assess whether this condition is satisfied.   Be cautious in the interpretation of the data.

****** PyMBAR will use 64-bit JAX! *******
* JAX is currently set to 32-bit bitsize *
* which is its default.                  *
*                                        *
* PyMBAR requires 64-bit mode and WILL   *
* enable JAX's 64-bit mode when called.  *
*                                        *
* This MAY cause problems with other     *
* Uses of JAX in the same code.          *
******************************************

2025-02-04 19:23:52.079 | DEBUG    | alchemlyb.preprocessing.subsampling:statistical_inefficiency:520 - Running statistical inefficiency analysis.
2025-02-04 19:23:52.574 | DEBUG    | alchemlyb.preprocessing.subsampling:statistical_inefficiency:522 - Statistical inefficiency: 90.51.
2025-02-04 19:23:52.574 | DEBUG    | alchemlyb.preprocessing.subsampling:statistical_inefficiency:528 - Number of uncorrelated samples: 10984.
2025-02-04 19:23:53.380 | DEBUG    | alchemlyb.preprocessing.subsampling:statistical_inefficiency:520 - Running statistical inefficiency analysis.
2025-02-04 19:23:53.388 | DEBUG    | alchemlyb.preprocessing.subsampling:statistical_inefficiency:522 - Statistical inefficiency: 1.01.
2025-02-04 19:23:53.389 | DEBUG    | alchemlyb.preprocessing.subsampling:statistical_inefficiency:528 - Number of uncorrelated samples: 499751.
/projects/liwh2139/software/anaconda/envs/openff-toolkit/lib/python3.9/site-packages/alchemlyb/estimators/mbar_.py:106: FutureWarning: When grouping with a length-1 list-like, you will need to pass a length-1 tuple to get_group in a future version of pandas. Pass `(name,)` instead of `name` to silence this warning.
  (len(groups.get_group(i)) if i in groups.groups else 0)

******* JAX 64-bit mode is now on! *******
*     JAX is now set to 64-bit mode!     *
*   This MAY cause problems with other   *
*      uses of JAX in the same code.     *
******************************************

/projects/liwh2139/software/anaconda/envs/openff-toolkit/lib/python3.9/site-packages/alchemlyb/estimators/bar_.py:97: FutureWarning: When grouping with a length-1 list-like, you will need to pass a length-1 tuple to get_group in a future version of pandas. Pass `(name,)` instead of `name` to silence this warning.
  (len(groups.get_group(i)) if i in groups.groups else 0)
/projects/liwh2139/software/anaconda/envs/openff-toolkit/lib/python3.9/site-packages/alchemlyb/estimators/bar_.py:106: FutureWarning: When grouping with a length-1 list-like, you will need to pass a length-1 tuple to get_group in a future version of pandas. Pass `(name,)` instead of `name` to silence this warning.
  uk = groups.get_group(self._states_[k])
/projects/liwh2139/software/anaconda/envs/openff-toolkit/lib/python3.9/site-packages/alchemlyb/estimators/bar_.py:111: FutureWarning: When grouping with a length-1 list-like, you will need to pass a length-1 tuple to get_group in a future version of pandas. Pass `(name,)` instead of `name` to silence this warning.
  uk1 = groups.get_group(self._states_[k + 1])

FE differences in units of Kb_T between each lambda window (TI):
             0.00000000  0.09000000  0.18000000  0.30000000  0.42000000  0.49500000  0.57000000  0.62500000  0.68000000  0.72000000  0.76000000  0.81000000  0.86000000  0.93000000  1.00000000
0.00000000   0.00000000  2.16487442  4.23508456  6.80096793  9.07327865 10.26153842 11.19885474 11.58170068 11.50639836 11.00329462  9.94225614  8.01725641  5.93774312  3.82671669  3.12378484
0.09000000  -2.16487442  0.00000000  2.07021015  4.63609351  6.90840423  8.09666401  9.03398032  9.41682626  9.34152394  8.83842020  7.77738172  5.85238199  3.77286870  1.66184227  0.95891042
0.18000000  -4.23508456 -2.07021015  0.00000000  2.56588337  4.83819409  6.02645386  6.96377017  7.34661611  7.27131379  6.76821005  5.70717158  3.78217184  1.70265855 -0.40836787 -1.11129972
0.30000000  -6.80096793 -4.63609351 -2.56588337  0.00000000  2.27231072  3.46057049  4.39788681  4.78073275  4.70543043  4.20232669  3.14128821  1.21628848 -0.86322481 -2.97425124 -3.67718309
0.42000000  -9.07327865 -6.90840423 -4.83819409 -2.27231072  0.00000000  1.18825977  2.12557609  2.50842203  2.43311971  1.93001597  0.86897749 -1.05602224 -3.13553553 -5.24656196 -5.94949381
0.49500000 -10.26153842 -8.09666401 -6.02645386 -3.46057049 -1.18825977  0.00000000  0.93731632  1.32016225  1.24485993  0.74175620 -0.31928228 -2.24428201 -4.32379531 -6.43482173 -7.13775358
0.57000000 -11.19885474 -9.03398032 -6.96377017 -4.39788681 -2.12557609 -0.93731632  0.00000000  0.38284594  0.30754362 -0.19556012 -1.25659860 -3.18159833 -5.26111162 -7.37213805 -8.07506990
0.62500000 -11.58170068 -9.41682626 -7.34661611 -4.78073275 -2.50842203 -1.32016225 -0.38284594  0.00000000 -0.07530232 -0.57840606 -1.63944453 -3.56444427 -5.64395756 -7.75498399 -8.45791583
0.68000000 -11.50639836 -9.34152394 -7.27131379 -4.70543043 -2.43311971 -1.24485993 -0.30754362  0.07530232  0.00000000 -0.50310374 -1.56414221 -3.48914195 -5.56865524 -7.67968167 -8.38261351
0.72000000 -11.00329462 -8.83842020 -6.76821005 -4.20232669 -1.93001597 -0.74175620  0.19556012  0.57840606  0.50310374  0.00000000 -1.06103848 -2.98603821 -5.06555150 -7.17657793 -7.87950978
0.76000000  -9.94225614 -7.77738172 -5.70717158 -3.14128821 -0.86897749  0.31928228  1.25659860  1.63944453  1.56414221  1.06103848  0.00000000 -1.92499973 -4.00451303 -6.11553945 -6.81847130
0.81000000  -8.01725641 -5.85238199 -3.78217184 -1.21628848  1.05602224  2.24428201  3.18159833  3.56444427  3.48914195  2.98603821  1.92499973  0.00000000 -2.07951329 -4.19053972 -4.89347157
0.86000000  -5.93774312 -3.77286870 -1.70265855  0.86322481  3.13553553  4.32379531  5.26111162  5.64395756  5.56865524  5.06555150  4.00451303  2.07951329  0.00000000 -2.11102643 -2.81395827
0.93000000  -3.82671669 -1.66184227  0.40836787  2.97425124  5.24656196  6.43482173  7.37213805  7.75498399  7.67968167  7.17657793  6.11553945  4.19053972  2.11102643  0.00000000 -0.70293185
1.00000000  -3.12378484 -0.95891042  1.11129972  3.67718309  5.94949381  7.13775358  8.07506990  8.45791583  8.38261351  7.87950978  6.81847130  4.89347157  2.81395827  0.70293185  0.00000000

Endpoint differences (TI): 3.1237848424501307

TI error matrix:
            0.00000000  0.09000000  0.18000000  0.30000000  0.42000000  0.49500000  0.57000000  0.62500000  0.68000000  0.72000000  0.76000000  0.81000000  0.86000000  0.93000000  1.00000000
0.00000000  0.00000000  0.02018477  0.03567078  0.05344235  0.07166510  0.08161326  0.09058315  0.09674291  0.10397405  0.11004525  0.11681174  0.12478488  0.13160295  0.13637712  0.13770746
0.09000000  0.02018477  0.00000000  0.02113848  0.04506124  0.06565300  0.07638819  0.08590540  0.09237760  0.09992514  0.10622800  0.11322285  0.12143186  0.12842806  0.13331598  0.13467655
0.18000000  0.03567078  0.02113848  0.00000000  0.03081631  0.05682822  0.06895133  0.07936540  0.08632932  0.09436188  0.10101247  0.10834456  0.11689665  0.12414869  0.12919861  0.13060208
0.30000000  0.05344235  0.04506124  0.03081631  0.00000000  0.03501274  0.05244741  0.06553863  0.07381867  0.08306990  0.09055365  0.09866604  0.10798737  0.11579871  0.12119705  0.12269209
0.42000000  0.07166510  0.06565300  0.05682822  0.03501274  0.00000000  0.02551798  0.04685882  0.05787602  0.06928958  0.07810506  0.08738092  0.09778399  0.10634744  0.11220144  0.11381470
0.49500000  0.08161326  0.07638819  0.06895133  0.05244741  0.02551798  0.00000000  0.02807653  0.04407013  0.05825451  0.06850506  0.07891747  0.09030090  0.09951041  0.10574358  0.10745384
0.57000000  0.09058315  0.08590540  0.07936540  0.06553863  0.04685882  0.02807653  0.00000000  0.02350182  0.04476324  0.05747263  0.06955665  0.08224604  0.09226311  0.09895385  0.10077940
0.62500000  0.09674291  0.09237760  0.08632932  0.07381867  0.05787602  0.04407013  0.02350182  0.00000000  0.02806914  0.04568623  0.06018518  0.07448853  0.08542019  0.09260666  0.09455484
0.68000000  0.10397405  0.09992514  0.09436188  0.08306990  0.06928958  0.05825451  0.04476324  0.02806914  0.00000000  0.02521753  0.04659344  0.06400963  0.07645458  0.08440785  0.08654080
0.72000000  0.11004525  0.10622800  0.10101247  0.09055365  0.07810506  0.06850506  0.05747263  0.04568623  0.02521753  0.00000000  0.02730700  0.05169097  0.06648327  0.07549443  0.07787190
0.76000000  0.11681174  0.11322285  0.10834456  0.09866604  0.08738092  0.07891747  0.06955665  0.06018518  0.04659344  0.02730700  0.00000000  0.03238510  0.05288538  0.06384550  0.06663986
0.81000000  0.12478488  0.12143186  0.11689665  0.10798737  0.09778399  0.09030090  0.08224604  0.07448853  0.06400963  0.05169097  0.03238510  0.00000000  0.02733756  0.04501917  0.04890142
0.86000000  0.13160295  0.12842806  0.12414869  0.11579871  0.10634744  0.09951041  0.09226311  0.08542019  0.07645458  0.06648327  0.05288538  0.02733756  0.00000000  0.02424548  0.03086206
0.93000000  0.13637712  0.13331598  0.12919861  0.12119705  0.11220144  0.10574358  0.09895385  0.09260666  0.08440785  0.07549443  0.06384550  0.04501917  0.02424548  0.00000000  0.01253371
1.00000000  0.13770746  0.13467655  0.13060208  0.12269209  0.11381470  0.10745384  0.10077940  0.09455484  0.08654080  0.07787190  0.06663986  0.04890142  0.03086206  0.01253371  0.00000000

TI error endpoint difference: 0.13770745502928883

FE differences in units of Kb_T between each lambda window (MBAR):
             0.00000000  0.09000000  0.18000000  0.30000000  0.42000000  0.49500000  0.57000000  0.62500000  0.68000000  0.72000000  0.76000000  0.81000000  0.86000000  0.93000000  1.00000000
0.00000000   0.00000000  2.18687837  4.29566987  6.94413380  9.30576483 10.54813532 11.49320060 11.88036719 11.83802857 11.37962213 10.40351597  8.44708954  6.29657583  4.18450957  3.50263073
0.09000000  -2.18687837  0.00000000  2.10879150  4.75725543  7.11888646  8.36125695  9.30632223  9.69348882  9.65115020  9.19274376  8.21663760  6.26021117  4.10969746  1.99763120  1.31575236
0.18000000  -4.29566987 -2.10879150  0.00000000  2.64846393  5.01009497  6.25246546  7.19753073  7.58469732  7.54235870  7.08395226  6.10784610  4.15141967  2.00090596 -0.11116030 -0.79303913
0.30000000  -6.94413380 -4.75725543 -2.64846393  0.00000000  2.36163104  3.60400153  4.54906680  4.93623339  4.89389477  4.43548834  3.45938218  1.50295575 -0.64755797 -2.75962423 -3.44150306
0.42000000  -9.30576483 -7.11888646 -5.01009497 -2.36163104  0.00000000  1.24237049  2.18743576  2.57460235  2.53226373  2.07385730  1.09775114 -0.85867529 -3.00918901 -5.12125526 -5.80313410
0.49500000 -10.54813532 -8.36125695 -6.25246546 -3.60400153 -1.24237049  0.00000000  0.94506527  1.33223186  1.28989324  0.83148681 -0.14461935 -2.10104578 -4.25155950 -6.36362575 -7.04550459
0.57000000 -11.49320060 -9.30632223 -7.19753073 -4.54906680 -2.18743576 -0.94506527  0.00000000  0.38716659  0.34482797 -0.11357846 -1.08968462 -3.04611105 -5.19662477 -7.30869102 -7.99056986
0.62500000 -11.88036719 -9.69348882 -7.58469732 -4.93623339 -2.57460235 -1.33223186 -0.38716659  0.00000000 -0.04233862 -0.50074505 -1.47685121 -3.43327765 -5.58379136 -7.69585762 -8.37773645
0.68000000 -11.83802857 -9.65115020 -7.54235870 -4.89389477 -2.53226373 -1.28989324 -0.34482797  0.04233862  0.00000000 -0.45840643 -1.43451259 -3.39093902 -5.54145274 -7.65351900 -8.33539783
0.72000000 -11.37962213 -9.19274376 -7.08395226 -4.43548834 -2.07385730 -0.83148681  0.11357846  0.50074505  0.45840643  0.00000000 -0.97610616 -2.93253259 -5.08304631 -7.19511256 -7.87699140
0.76000000 -10.40351597 -8.21663760 -6.10784610 -3.45938218 -1.09775114  0.14461935  1.08968462  1.47685121  1.43451259  0.97610616  0.00000000 -1.95642643 -4.10694015 -6.21900640 -6.90088524
0.81000000  -8.44708954 -6.26021117 -4.15141967 -1.50295575  0.85867529  2.10104578  3.04611105  3.43327765  3.39093902  2.93253259  1.95642643  0.00000000 -2.15051372 -4.26257997 -4.94445881
0.86000000  -6.29657583 -4.10969746 -2.00090596  0.64755797  3.00918901  4.25155950  5.19662477  5.58379136  5.54145274  5.08304631  4.10694015  2.15051372  0.00000000 -2.11206626 -2.79394509
0.93000000  -4.18450957 -1.99763120  0.11116030  2.75962423  5.12125526  6.36362575  7.30869102  7.69585762  7.65351900  7.19511256  6.21900640  4.26257997  2.11206626  0.00000000 -0.68187884
1.00000000  -3.50263073 -1.31575236  0.79303913  3.44150306  5.80313410  7.04550459  7.99056986  8.37773645  8.33539783  7.87699140  6.90088524  4.94445881  2.79394509  0.68187884  0.00000000

Endpoint differences (MBAR): 3.5026307347676084

MBAR error matrix:
            0.00000000  0.09000000  0.18000000  0.30000000  0.42000000  0.49500000  0.57000000  0.62500000  0.68000000  0.72000000  0.76000000  0.81000000  0.86000000  0.93000000  1.00000000
0.00000000  0.00000000  0.00226996  0.00430182  0.00683615  0.00920125  0.01053985  0.01184211  0.01284680  0.01395168  0.01486427  0.01592598  0.01738520  0.01837860  0.01901213  0.01932754
0.09000000  0.00226996  0.00000000  0.00232692  0.00541247  0.00817044  0.00965425  0.01106156  0.01213105  0.01329554  0.01425021  0.01535444  0.01686318  0.01788561  0.01853600  0.01885937
0.18000000  0.00430182  0.00232692  0.00000000  0.00353894  0.00683716  0.00854755  0.01011129  0.01127148  0.01251619  0.01352597  0.01468476  0.01625578  0.01731411  0.01798518  0.01831828
0.30000000  0.00683615  0.00541247  0.00353894  0.00000000  0.00407267  0.00632590  0.00830221  0.00968388  0.01110829  0.01223479  0.01350483  0.01519831  0.01632533  0.01703540  0.01738670
0.42000000  0.00920125  0.00817044  0.00683716  0.00407267  0.00000000  0.00288043  0.00565034  0.00750357  0.00927212  0.01059621  0.01204029  0.01391319  0.01513621  0.01589947  0.01627530
0.49500000  0.01053985  0.00965425  0.00854755  0.00632590  0.00288043  0.00000000  0.00326537  0.00561213  0.00779068  0.00933014  0.01094303  0.01297520  0.01427879  0.01508550  0.01548111
0.57000000  0.01184211  0.01106156  0.01011129  0.00830221  0.00565034  0.00326537  0.00000000  0.00282599  0.00567884  0.00762913  0.00953776  0.01181441  0.01323278  0.01409946  0.01452196
0.62500000  0.01284680  0.01213105  0.01127148  0.00968388  0.00750357  0.00561213  0.00282599  0.00000000  0.00335126  0.00581101  0.00813775  0.01072039  0.01226574  0.01319603  0.01364654
0.68000000  0.01395168  0.01329554  0.01251619  0.01110829  0.00927212  0.00779068  0.00567884  0.00335126  0.00000000  0.00298346  0.00603669  0.00921794  0.01098088  0.01201084  0.01250403
0.72000000  0.01486427  0.01425021  0.01352597  0.01223479  0.01059621  0.00933014  0.00762913  0.00581101  0.00298346  0.00000000  0.00358946  0.00752638  0.00960795  0.01077352  0.01132069
0.76000000  0.01592598  0.01535444  0.01468476  0.01350483  0.01204029  0.01094303  0.00953776  0.00813775  0.00603669  0.00358946  0.00000000  0.00468522  0.00733239  0.00880061  0.00946676
0.81000000  0.01738520  0.01686318  0.01625578  0.01519831  0.01391319  0.01297520  0.01181441  0.01072039  0.00921794  0.00752638  0.00468522  0.00000000  0.00327178  0.00536837  0.00636056
0.86000000  0.01837860  0.01788561  0.01731411  0.01632533  0.01513621  0.01427879  0.01323278  0.01226574  0.01098088  0.00960795  0.00733239  0.00327178  0.00000000  0.00248658  0.00382411
0.93000000  0.01901213  0.01853600  0.01798518  0.01703540  0.01589947  0.01508550  0.01409946  0.01319603  0.01201084  0.01077352  0.00880061  0.00536837  0.00248658  0.00000000  0.00154687
1.00000000  0.01932754  0.01885937  0.01831828  0.01738670  0.01627530  0.01548111  0.01452196  0.01364654  0.01250403  0.01132069  0.00946676  0.00636056  0.00382411  0.00154687  0.00000000

MBAR error endpoint difference: 0.019327539084130322

FE differences in units of Kb_T between each lambda window (BAR):
             0.00000000  0.09000000  0.18000000  0.30000000  0.42000000  0.49500000  0.57000000  0.62500000  0.68000000  0.72000000  0.76000000  0.81000000  0.86000000  0.93000000  1.00000000
0.00000000   0.00000000  2.18652788  4.29691635  6.94150793  9.30246880 10.54598780 11.48595599 11.87445310 11.83188643 11.36908585 10.39101403  8.44027534  6.29198188  4.17810617  3.49670971
0.09000000  -2.18652788  0.00000000  2.11038848  4.75498005  7.11594092  8.35945992  9.29942811  9.68792523  9.64535855  9.18255797  8.20448616  6.25374747  4.10545400  1.99157829  1.31018184
0.18000000  -4.29691635 -2.11038848  0.00000000  2.64459157  5.00555245  6.24907144  7.18903964  7.57753675  7.53497008  7.07216949  6.09409768  4.14335899  1.99506552 -0.11881019 -0.80020664
0.30000000  -6.94150793 -4.75498005 -2.64459157  0.00000000  2.36096088  3.60447987  4.54444807  4.93294518  4.89037851  4.42757792  3.44950611  1.49876742 -0.64952605 -2.76340176 -3.44479821
0.42000000  -9.30246880 -7.11594092 -5.00555245 -2.36096088  0.00000000  1.24351899  2.18348719  2.57198430  2.52941763  2.06661705  1.08854523 -0.86219346 -3.01048692 -5.12436264 -5.80575909
0.49500000 -10.54598780 -8.35945992 -6.24907144 -3.60447987 -1.24351899  0.00000000  0.93996820  1.32846531  1.28589863  0.82309805 -0.15497376 -2.10571245 -4.25400592 -6.36788163 -7.04927808
0.57000000 -11.48595599 -9.29942811 -7.18903964 -4.54444807 -2.18348719 -0.93996820  0.00000000  0.38849711  0.34593044 -0.11687014 -1.09494196 -3.04568065 -5.19397411 -7.30784983 -7.98924628
0.62500000 -11.87445310 -9.68792523 -7.57753675 -4.93294518 -2.57198430 -1.32846531 -0.38849711  0.00000000 -0.04256667 -0.50536726 -1.48343907 -3.43417776 -5.58247123 -7.69634694 -8.37774339
0.68000000 -11.83188643 -9.64535855 -7.53497008 -4.89037851 -2.52941763 -1.28589863 -0.34593044  0.04256667  0.00000000 -0.46280058 -1.44087240 -3.39161109 -5.53990455 -7.65378027 -8.33517672
0.72000000 -11.36908585 -9.18255797 -7.07216949 -4.42757792 -2.06661705 -0.82309805  0.11687014  0.50536726  0.46280058  0.00000000 -0.97807181 -2.92881050 -5.07710397 -7.19097968 -7.87237613
0.76000000 -10.39101403 -8.20448616 -6.09409768 -3.44950611 -1.08854523  0.15497376  1.09494196  1.48343907  1.44087240  0.97807181  0.00000000 -1.95073869 -4.09903216 -6.21290787 -6.89430432
0.81000000  -8.44027534 -6.25374747 -4.14335899 -1.49876742  0.86219346  2.10571245  3.04568065  3.43417776  3.39161109  2.92881050  1.95073869  0.00000000 -2.14829347 -4.26216918 -4.94356563
0.86000000  -6.29198188 -4.10545400 -1.99506552  0.64952605  3.01048692  4.25400592  5.19397411  5.58247123  5.53990455  5.07710397  4.09903216  2.14829347  0.00000000 -2.11387571 -2.79527216
0.93000000  -4.17810617 -1.99157829  0.11881019  2.76340176  5.12436264  6.36788163  7.30784983  7.69634694  7.65378027  7.19097968  6.21290787  4.26216918  2.11387571  0.00000000 -0.68139645
1.00000000  -3.49670971 -1.31018184  0.80020664  3.44479821  5.80575909  7.04927808  7.98924628  8.37774339  8.33517672  7.87237613  6.89430432  4.94356563  2.79527216  0.68139645  0.00000000

Endpoint differences (BAR): 3.496709714116331

BAR error matrix:
            0.00000000  0.09000000  0.18000000  0.30000000  0.42000000  0.49500000  0.57000000  0.62500000  0.68000000  0.72000000  0.76000000  0.81000000  0.86000000  0.93000000  1.00000000
0.00000000  0.00000000  0.00286009         NaN         NaN         NaN         NaN         NaN         NaN         NaN         NaN         NaN         NaN         NaN         NaN         NaN
0.09000000  0.00286009  0.00000000  0.00297828         NaN         NaN         NaN         NaN         NaN         NaN         NaN         NaN         NaN         NaN         NaN         NaN
0.18000000         NaN  0.00297828  0.00000000  0.00434543         NaN         NaN         NaN         NaN         NaN         NaN         NaN         NaN         NaN         NaN         NaN
0.30000000         NaN         NaN  0.00434543  0.00000000  0.00500491         NaN         NaN         NaN         NaN         NaN         NaN         NaN         NaN         NaN         NaN
0.42000000         NaN         NaN         NaN  0.00500491  0.00000000  0.00360617         NaN         NaN         NaN         NaN         NaN         NaN         NaN         NaN         NaN
0.49500000         NaN         NaN         NaN         NaN  0.00360617  0.00000000  0.00419621         NaN         NaN         NaN         NaN         NaN         NaN         NaN         NaN
0.57000000         NaN         NaN         NaN         NaN         NaN  0.00419621  0.00000000  0.00351728         NaN         NaN         NaN         NaN         NaN         NaN         NaN
0.62500000         NaN         NaN         NaN         NaN         NaN         NaN  0.00351728  0.00000000  0.00415353         NaN         NaN         NaN         NaN         NaN         NaN
0.68000000         NaN         NaN         NaN         NaN         NaN         NaN         NaN  0.00415353  0.00000000  0.00357842         NaN         NaN         NaN         NaN         NaN
0.72000000         NaN         NaN         NaN         NaN         NaN         NaN         NaN         NaN  0.00357842  0.00000000  0.00413418         NaN         NaN         NaN         NaN
0.76000000         NaN         NaN         NaN         NaN         NaN         NaN         NaN         NaN         NaN  0.00413418  0.00000000  0.00538110         NaN         NaN         NaN
0.81000000         NaN         NaN         NaN         NaN         NaN         NaN         NaN         NaN         NaN         NaN  0.00538110  0.00000000  0.00398947         NaN         NaN
0.86000000         NaN         NaN         NaN         NaN         NaN         NaN         NaN         NaN         NaN         NaN         NaN  0.00398947  0.00000000  0.00314783         NaN
0.93000000         NaN         NaN         NaN         NaN         NaN         NaN         NaN         NaN         NaN         NaN         NaN         NaN  0.00314783  0.00000000  0.00180757
1.00000000         NaN         NaN         NaN         NaN         NaN         NaN         NaN         NaN         NaN         NaN         NaN         NaN         NaN  0.00180757  0.00000000

BAR error endpoint difference: nan

--- Starting BAR Error Propagation ---

Full BAR error matrix:
            0.00000000  0.09000000  0.18000000  0.30000000  0.42000000  0.49500000  0.57000000  0.62500000  0.68000000  0.72000000  0.76000000  0.81000000  0.86000000  0.93000000  1.00000000
0.00000000  0.00000000  0.00286009         NaN         NaN         NaN         NaN         NaN         NaN         NaN         NaN         NaN         NaN         NaN         NaN         NaN
0.09000000  0.00286009  0.00000000  0.00297828         NaN         NaN         NaN         NaN         NaN         NaN         NaN         NaN         NaN         NaN         NaN         NaN
0.18000000         NaN  0.00297828  0.00000000  0.00434543         NaN         NaN         NaN         NaN         NaN         NaN         NaN         NaN         NaN         NaN         NaN
0.30000000         NaN         NaN  0.00434543  0.00000000  0.00500491         NaN         NaN         NaN         NaN         NaN         NaN         NaN         NaN         NaN         NaN
0.42000000         NaN         NaN         NaN  0.00500491  0.00000000  0.00360617         NaN         NaN         NaN         NaN         NaN         NaN         NaN         NaN         NaN
0.49500000         NaN         NaN         NaN         NaN  0.00360617  0.00000000  0.00419621         NaN         NaN         NaN         NaN         NaN         NaN         NaN         NaN
0.57000000         NaN         NaN         NaN         NaN         NaN  0.00419621  0.00000000  0.00351728         NaN         NaN         NaN         NaN         NaN         NaN         NaN
0.62500000         NaN         NaN         NaN         NaN         NaN         NaN  0.00351728  0.00000000  0.00415353         NaN         NaN         NaN         NaN         NaN         NaN
0.68000000         NaN         NaN         NaN         NaN         NaN         NaN         NaN  0.00415353  0.00000000  0.00357842         NaN         NaN         NaN         NaN         NaN
0.72000000         NaN         NaN         NaN         NaN         NaN         NaN         NaN         NaN  0.00357842  0.00000000  0.00413418         NaN         NaN         NaN         NaN
0.76000000         NaN         NaN         NaN         NaN         NaN         NaN         NaN         NaN         NaN  0.00413418  0.00000000  0.00538110         NaN         NaN         NaN
0.81000000         NaN         NaN         NaN         NaN         NaN         NaN         NaN         NaN         NaN         NaN  0.00538110  0.00000000  0.00398947         NaN         NaN
0.86000000         NaN         NaN         NaN         NaN         NaN         NaN         NaN         NaN         NaN         NaN         NaN  0.00398947  0.00000000  0.00314783         NaN
0.93000000         NaN         NaN         NaN         NaN         NaN         NaN         NaN         NaN         NaN         NaN         NaN         NaN  0.00314783  0.00000000  0.00180757
1.00000000         NaN         NaN         NaN         NaN         NaN         NaN         NaN         NaN         NaN         NaN         NaN         NaN         NaN  0.00180757  0.00000000

Extracted tridiagonal errors (before summation): [0.00286009 0.00297828 0.00434543 0.00500491 0.00360617 0.00419621
 0.00351728 0.00415353 0.00357842 0.00413418 0.0053811  0.00398947
 0.00314783 0.00180757]

Computed total propagated BAR error: 0.01446245315228821

Final Total Propagated BAR Error: 0.01446

--- Analysis Completed Successfully ---
